8.900000000000000000e+01
9.000000000000000000e+01
9.100000000000000000e+01
9.200000000000000000e+01
9.300000000000000000e+01
9.400000000000000000e+01
9.500000000000000000e+01
9.600000000000000000e+01
9.700000000000000000e+01
9.800000000000000000e+01
9.900000000000000000e+01
1.000000000000000000e+02
1.010000000000000000e+02
1.081000000000000000e+03
1.082000000000000000e+03
1.083000000000000000e+03
1.084000000000000000e+03
1.085000000000000000e+03
1.086000000000000000e+03
1.087000000000000000e+03
1.088000000000000000e+03
1.089000000000000000e+03
1.090000000000000000e+03
1.091000000000000000e+03
1.092000000000000000e+03
1.093000000000000000e+03
1.094000000000000000e+03
1.095000000000000000e+03
1.096000000000000000e+03
1.906000000000000000e+03
1.907000000000000000e+03
1.908000000000000000e+03
1.909000000000000000e+03
1.910000000000000000e+03
1.911000000000000000e+03
1.912000000000000000e+03
1.913000000000000000e+03
1.914000000000000000e+03
1.915000000000000000e+03
1.916000000000000000e+03
1.917000000000000000e+03
1.918000000000000000e+03
1.919000000000000000e+03
1.920000000000000000e+03
1.921000000000000000e+03
1.922000000000000000e+03
1.923000000000000000e+03
2.447000000000000000e+03
2.448000000000000000e+03
2.449000000000000000e+03
2.450000000000000000e+03
2.451000000000000000e+03
2.452000000000000000e+03
2.453000000000000000e+03
2.454000000000000000e+03
2.455000000000000000e+03
2.456000000000000000e+03
2.457000000000000000e+03
2.458000000000000000e+03
2.459000000000000000e+03
5.160000000000000000e+03
5.161000000000000000e+03
5.162000000000000000e+03
5.163000000000000000e+03
5.164000000000000000e+03
5.165000000000000000e+03
5.166000000000000000e+03
5.167000000000000000e+03
5.168000000000000000e+03
5.169000000000000000e+03
5.170000000000000000e+03
5.171000000000000000e+03
6.212000000000000000e+03
6.213000000000000000e+03
6.214000000000000000e+03
6.215000000000000000e+03
6.216000000000000000e+03
6.217000000000000000e+03
6.218000000000000000e+03
6.219000000000000000e+03
6.220000000000000000e+03
6.221000000000000000e+03
6.222000000000000000e+03
6.223000000000000000e+03
6.224000000000000000e+03
6.225000000000000000e+03
6.226000000000000000e+03
6.227000000000000000e+03
6.896000000000000000e+03
6.897000000000000000e+03
6.898000000000000000e+03
6.899000000000000000e+03
6.900000000000000000e+03
6.901000000000000000e+03
6.902000000000000000e+03
6.903000000000000000e+03
6.904000000000000000e+03
6.905000000000000000e+03
6.906000000000000000e+03
6.907000000000000000e+03
